8561958;2005
8561951;2005
8561943;2005
8561913;2005
8561883;2005
8561881;2005
8561866;2005
8561812;2005
8561794;2005
8561787;2005
8561781;2005
8561772;2005
8561759;2005
8561758;2005
8561752;2005
8561709;2005
8561649;2005
8561614;2005
8561595;2005
8561574;2005
8561571;2005
8561569;2005
8561565;2005
8561555;2005
8561465;2005
8561454;2005
8561453;2005
8561450;2005
8561418;2005
8561411;2005
8561409;2005
8561396;2005
8561388;2005
8561375;2005
8561346;2005
8561345;2005
8561343;2005
8561322;2005
8561321;2005
8561320;2005
8561319;2005
8561317;2005
8561301;2005
8561300;2005
8561283;2005
8561280;2005
8561275;2005
8561264;2005
8561170;2005
8561166;2005
8561153;2005
8561145;2005
8561022;2005
8561021;2005
8561015;2005
8560998;2005
8560950;2005
8560948;2005
8560879;2005
8560853;2005
8560826;2005
8560821;2005
8560807;2005
8560792;2005
8560753;2005
8560703;2005
8560702;2005
8560696;2005
8560658;2005
8560656;2005
8560571;2005
8560547;2005
8560541;2005
8560521;2005
8560520;2005
8560495;2005
8560474;2005
8560464;2005
8560431;2005
8560420;2005
8560366;2005
8560330;2005
8560237;2005
8560190;2005
8560166;2005
8560079;2005
8560056;2005
8560048;2005
8560044;2005
8560014;2005
8559964;2005
8559944;2005
8559939;2005
8559816;2005
8559789;2005
8559780;2005
8559765;2005
8559644;2005
8559633;2005
8559620;2005
8559609;2005
8559589;2005
8559575;2005
8559537;2005
8559528;2005
8559520;2005
8559506;2005
8559492;2005
8559482;2005
8559470;2005
8559387;2005
8559360;2005
8559358;2005
8559357;2005
8559338;2005
8559303;2005
8559281;2005
8559277;2005
8559276;2005
8559272;2005
8559254;2005
8559233;2005
8559232;2005
8559230;2005
8559229;2005
8559227;2005
8559221;2005
8559216;2005
8559195;2005
8559186;2005
8559170;2005
8559162;2005
8559160;2005
8559158;2005
8559112;2005
8559071;2005
8559068;2005
8559039;2005
8559019;2005
8559013;2005
8559012;2005
8559004;2005
8558987;2005
8558962;2005
8558942;2005
8558934;2005
8558903;2005
8558898;2005
8558876;2005
8558845;2005
8558839;2005
8558834;2005
8558829;2005
8558823;2005
8558818;2005
8558811;2005
8558808;2005
8558775;2005
8558772;2005
8558753;2005
8558636;2005
8558505;2005
8558427;2005
8558416;2005
8558389;2005
8558375;2005
8558372;2005
8558328;2005
8558201;2005
8558194;2005
8558160;2005
8558130;2005
8558116;2005
8558076;2005
8558068;2005
8558026;2005
8558021;2005
8558017;2005
8558012;2005
8558008;2005
8558004;2005
8557974;2005
8557956;2005
8557942;2005
8557921;2005
8557893;2005
8557862;2005
8557843;2005
8557797;2005
8557754;2005
8557699;2005
8557690;2005
8557673;2005
8557672;2005
8557670;2005
8557669;2005
8557652;2005
8557617;2005
8557608;2005
8557606;2005
8557598;2005
8557589;2005
8557581;2005
8557565;2005
8557518;2005
8557476;2005
8557439;2005
8557407;2005
8557394;2005
8557390;2005
8557369;2005
8557367;2005
8557354;2005
8557348;2005
8557342;2005
8557327;2005
8557318;2005
8557305;2005
8557273;2005
8557257;2005
8557251;2005
8557235;2005
8557225;2005
8557224;2005
8557202;2005
8557195;2005
8557175;2005
8557174;2005
8557109;2005
8557102;2005
8557083;2005
8557079;2005
8557078;2005
8557044;2005
8557033;2005
8557018;2005
8556981;2005
8556980;2005
8556979;2005
8556962;2005
8556910;2005
8556908;2005
8556887;2005
8556877;2005
8556863;2005
8556860;2005
8556839;2005
8556821;2005
8556774;2005
8556750;2005
8556743;2005
8556707;2005
8556685;2005
8556677;2005
8556675;2005
8556666;2005
8556664;2005
8556648;2005
8556636;2005
8556595;2005
8556579;2005
8556572;2005
8556553;2005
8556541;2005
8556511;2005
8556497;2005
8556473;2005
8556465;2005
8556456;2005
8556399;2005
8556387;2005
8556377;2005
8556333;2005
8556318;2005
8556316;2005
8556299;2005
8556246;2005
8556243;2005
8556228;2005
8556207;2005
8556170;2005
8556169;2005
8556160;2005
8556135;2005
8556124;2005
8556102;2005
8556098;2005
8556072;2005
8556061;2005
8556031;2005
8556030;2005
8555988;2005
8555952;2005
8555950;2005
8555947;2005
8555921;2005
8555919;2005
8555913;2005
8555900;2005
8555897;2005
