8536197;2005
8536196;2005
8536146;2005
8536145;2005
8536132;2005
8536131;2005
8536122;2005
8536110;2005
8536097;2005
8536081;2005
8536061;2005
8536055;2005
8536047;2005
8536035;2005
8536007;2005
8535961;2005
8535896;2005
8535895;2005
8535877;2005
8535811;2005
8535809;2005
8535780;2005
8535778;2005
8535773;2005
8535765;2005
8535718;2005
8535679;2005
8535647;2005
8535603;2005
8535561;2005
8535549;2005
8535546;2005
8535543;2005
8535499;2005
8535479;2005
8535472;2005
8535466;2005
8535449;2005
8535439;2005
8535426;2005
8535423;2005
8535382;2005
8535378;2005
8535317;2005
8535303;2005
8535275;2005
8535273;2005
8535203;2005
8535188;2005
8535147;2005
8535110;2005
8535108;2005
8535079;2005
8535022;2005
8535017;2005
8535006;2005
8535005;2005
8534948;2005
8534944;2005
8534933;2005
8534914;2005
8534907;2005
8534881;2005
8534880;2005
8534836;2005
8534809;2005
8534807;2005
8534788;2005
8534779;2005
8534773;2005
8534771;2005
8534733;2005
8534720;2005
8534693;2005
8534684;2005
8534682;2005
8534674;2005
8534644;2005
8534630;2005
8534621;2005
8534614;2005
8534600;2005
8534562;2005
8534526;2005
8534514;2005
8534510;2005
8534500;2005
8534448;2005
8534447;2005
8534411;2005
8534402;2005
8534387;2005
8534369;2005
8534349;2005
8534341;2005
8534330;2005
8534315;2005
8534294;2005
8534283;2005
8534279;2005
8534256;2005
8534250;2005
8534230;2005
8534200;2005
8534194;2005
8534193;2005
8534179;2005
8534172;2005
8534171;2005
8534109;2005
8534106;2005
8534095;2005
8534051;2005
8534041;2005
8533996;2005
8533961;2005
8533958;2005
8533948;2005
8533924;2005
8533917;2005
8533825;2005
8533796;2005
8533738;2005
8533737;2005
8533732;2005
8533722;2005
8533692;2005
8533688;2005
8533687;2005
8533536;2005
8533533;2005
8533532;2005
8533516;2005
8533507;2005
8533454;2005
8533453;2005
8533442;2005
8533426;2005
8533368;2005
8533327;2005
8533310;2005
8533304;2005
8533275;2005
8533272;2005
8533268;2005
8533263;2005
8533251;2005
8533241;2005
8533240;2005
8533239;2005
8533224;2005
8533217;2005
8533180;2005
8533166;2005
8533159;2005
8533132;2005
8533112;2005
8533101;2005
8533077;2005
8533075;2005
8533061;2005
8533041;2005
8533031;2005
8533021;2005
8533011;2005
8532953;2005
8532943;2005
8532926;2005
8532882;2005
8532875;2005
8532856;2005
8532820;2005
8532810;2005
8532808;2005
8532802;2005
8532784;2005
8532767;2005
8532749;2005
8532698;2005
8532684;2005
8532670;2005
8532665;2005
8532649;2005
8532639;2005
8532619;2005
8532600;2005
8532598;2005
8532573;2005
8532554;2005
8532532;2005
8532523;2005
8532514;2005
8532502;2005
8532447;2005
8532438;2005
8532427;2005
8532415;2005
8532380;2005
8532360;2005
8532315;2005
8532259;2005
8532207;2005
8532197;2005
8532172;2005
8532134;2005
8532121;2005
8532118;2005
8532106;2005
8532105;2005
8532092;2005
8532087;2005
8532061;2005
8532060;2005
8532059;2005
8532058;2005
8532050;2005
8532040;2005
8532010;2005
8531971;2005
8531893;2005
8531874;2005
8531854;2005
8531850;2005
8531841;2005
8531830;2005
8531829;2005
8531828;2005
8531827;2005
8531812;2005
8531789;2005
8531783;2005
8531778;2005
8531747;2005
8531737;2005
8531736;2005
8531730;2005
8531724;2005
8531716;2005
8531713;2005
8531680;2005
8531658;2005
8531646;2005
8531624;2005
8531598;2005
8531594;2005
8531591;2005
8531590;2005
8531555;2005
8531543;2005
8531504;2005
8531495;2005
8531489;2005
8531488;2005
8531457;2005
8531429;2005
8531385;2005
8531379;2005
8531375;2005
8531374;2005
8531373;2005
8531372;2005
8531371;2005
8531366;2005
8531346;2005
8531338;2005
8531313;2005
8531304;2005
8531303;2005
8531302;2005
8531279;2005
8531269;2005
8531263;2005
8531262;2005
8531249;2005
8531208;2005
8531193;2005
8531169;2005
8531157;2005
8531142;2005
8531140;2005
8531134;2005
8531107;2005
8531088;2005
8531070;2005
8531066;2005
8531065;2005
8531064;2005
8531054;2005
8531019;2005
8530972;2005
8530945;2005
8530944;2005
8530928;2005
8530925;2005
8530913;2005
8530911;2005
8530908;2005
8530833;2005
8530773;2005
8530762;2005
