8516466;2005
8516464;2005
8516463;2005
8516462;2005
8516461;2005
8516460;2005
8516459;2005
8516456;2005
8516453;2005
8516452;2005
8516447;2005
8516446;2005
8516441;2005
8516438;2005
8516430;2005
8516400;2005
8516388;2005
8516386;2005
8516380;2005
8516371;2005
8516360;2005
8516351;2005
8516348;2005
8516334;2005
8516329;2005
8516325;2005
8516324;2005
8516323;2005
8516314;2005
8516288;2005
8516280;2005
8516279;2005
8516213;2005
8516201;2005
8516200;2005
8516198;2005
8516180;2005
8516160;2005
8516157;2005
8516156;2005
8516143;2005
8516139;2005
8516129;2005
8516114;2005
8516113;2005
8516104;2005
8516086;2005
8516084;2005
8516068;2005
8516019;2005
8516010;2005
8515994;2005
8515975;2005
8515959;2005
8515939;2005
8515936;2005
8515935;2005
8515930;2005
8515924;2005
8515918;2005
8515913;2005
8515907;2005
8515905;2005
8515902;2005
8515873;2005
8515870;2005
8515827;2005
8515756;2005
8515742;2005
8515727;2005
8515707;2005
8515706;2005
8515673;2005
8515672;2005
8515671;2005
8515670;2005
8515669;2005
8515668;2005
8515667;2005
8515664;2005
8515663;2005
8515662;2005
8515661;2005
8515660;2005
8515659;2005
8515657;2005
8515656;2005
8515655;2005
8515654;2005
8515653;2005
8515652;2005
8515651;2005
8515650;2005
8515649;2005
8515648;2005
8515647;2005
8515646;2005
8515644;2005
8515640;2005
8515638;2005
8515637;2005
8515636;2005
8515635;2005
8515634;2005
8515633;2005
8515632;2005
8515631;2005
8515627;2005
8515614;2005
8515613;2005
8515612;2005
8515611;2005
8515610;2005
8515609;2005
8515608;2005
8515607;2005
8515606;2005
8515604;2005
8515603;2005
8515601;2005
8515600;2005
8515597;2005
8515595;2005
8515594;2005
8515593;2005
8515592;2005
8515589;2005
8515588;2005
8515587;2005
8515586;2005
8515585;2005
8515584;2005
8515583;2005
8515582;2005
8515581;2005
8515580;2005
8515579;2005
8515573;2005
8515552;2005
8515499;2005
8515490;2005
8515486;2005
8515387;2005
8515353;2005
8515297;2005
8515108;2005
8514998;2005
8514983;2005
8514928;2005
8514087;2005
8513965;2005
8513963;2005
8513946;2005
8513865;2005
8513863;2005
8513799;2005
8513788;2005
8513785;2005
8513733;2005
8513250;2005
8513200;2005
8513199;2005
8513090;2005
8513072;2005
8512388;2005
8512387;2005
8512326;2005
8512171;2005
8512072;2005
8512021;2005
8511902;2005
8511810;2005
8511516;2005
8511489;2005
8511382;2005
8511118;2005
8511088;2005
8510926;2005
8510914;2005
8510907;2005
8510906;2005
8510828;2005
8510541;2005
8510325;2005
8510116;2005
8510115;2005
8509328;2005
8509318;2005
8509299;2005
8509215;2005
8509180;2005
8509179;2005
8509118;2005
8509089;2005
8509085;2005
8509084;2005
8509042;2005
8508972;2005
8508923;2005
8508922;2005
8508903;2005
8508868;2005
8508857;2005
8508854;2005
8508835;2005
8508813;2005
8508741;2005
8508733;2005
8508687;2005
8508678;2005
8508676;2005
8508673;2005
8508643;2005
8508598;2005
8508577;2005
8508561;2005
8508521;2005
8508448;2005
8508446;2005
8508444;2005
8508394;2005
8508391;2005
8508329;2005
8508319;2005
8508267;2005
8508263;2005
8508221;2005
8508183;2005
8508121;2005
8508101;2005
8508100;2005
8508095;2005
8508013;2005
8507962;2005
8507929;2005
8507926;2005
8507897;2005
8507858;2005
8507827;2005
8507822;2005
8507765;2005
8507731;2005
8507606;2005
8507574;2005
8507555;2005
8507551;2005
8507422;2005
8507409;2005
8507396;2005
8507392;2005
8507339;2005
8507304;2005
8507295;2005
8507259;2005
8507233;2005
8507165;2005
8507156;2005
8507143;2005
8507106;2005
8507074;2005
8507060;2005
8507048;2005
8507041;2005
8506952;2005
8506950;2005
8506931;2005
8506894;2005
8506893;2005
8506864;2005
8506842;2005
8506837;2005
8506814;2005
8506801;2005
8506796;2005
8506740;2005
8506736;2005
8506728;2005
8506727;2005
8506723;2005
8506709;2005
8506702;2005
8506683;2005
8506655;2005
8506615;2005
8506607;2005
8506600;2005
8506592;2005
8506590;2005
8506510;2005
8506495;2005
8506460;2005
8506446;2005
8506410;2005
8506354;2005
8506312;2005
8506295;2005
8506284;2005
8506274;2005
8506273;2005