8555892;2005
8555885;2005
8555854;2005
8555850;2005
8555813;2005
8555807;2005
8555788;2005
8555765;2005
8555762;2005
8555759;2005
8555758;2005
8555734;2005
8555729;2005
8555708;2005
8555581;2005
8555560;2005
8555544;2005
8555518;2005
8555512;2005
8555510;2005
8555500;2005
8555492;2005
8555481;2005
8555453;2005
8555449;2005
8555429;2005
8555416;2005
8555414;2005
8555413;2005
8555392;2005
8555349;2005
8555302;2005
8555296;2005
8555293;2005
8555284;2005
8555270;2005
8555226;2005
8555217;2005
8555216;2005
8555212;2005
8555128;2005
8555120;2005
8555118;2005
8555110;2005
8555089;2005
8555059;2005
8555019;2005
8555008;2005
8555007;2005
8554962;2005
8554913;2005
8554907;2005
8554899;2005
8554892;2005
8554834;2005
8554808;2005
8554733;2005
8554718;2005
8554711;2005
8554683;2005
8554672;2005
8554669;2005
8554641;2005
8554625;2005
8554616;2005
8554597;2005
8554592;2005
8554566;2005
8554554;2005
8554534;2005
8554530;2005
8554522;2005
8554521;2005
8553880;2005
8553830;2005
8553829;2005
8553820;2005
8553819;2005
8553798;2005
8553762;2005
8553749;2005
8553729;2005
8553715;2005
8553688;2005
8553686;2005
8553685;2005
8553684;2005
8553683;2005
8553679;2005
8553678;2005
8553614;2005
8553612;2005
8553572;2005
8553562;2005
8553560;2005
8553553;2005
8553540;2005
8553529;2005
8553514;2005
8553479;2005
8553476;2005
8553473;2005
8553404;2005
8553403;2005
8553402;2005
8553380;2005
8553377;2005
8553312;2005
8553301;2005
8553274;2005
8553205;2005
8553179;2005
8553163;2005
8553113;2005
8553087;2005
8553071;2005
8553022;2005
8552989;2005
8552985;2005
8552969;2005
8552932;2005
8552931;2005
8552908;2005
8552901;2005
8552866;2005
8552859;2005
8552791;2005
8552781;2005
8552762;2005
8552755;2005
8552742;2005
8552718;2005
8552693;2005
8552652;2005
8552633;2005
8552625;2005
8552609;2005
8552597;2005
8552546;2005
8552532;2005
8552497;2005
8552496;2005
8552495;2005
8552477;2005
8552463;2005
8552457;2005
8552442;2005
8552436;2005
8552418;2005
8552399;2005
8552398;2005
8552374;2005
8552373;2005
8552369;2005
8552363;2005
8552361;2005
8552357;2005
8552352;2005
8552347;2005
8552344;2005
8552303;2005
8552296;2005
8552244;2005
8552243;2005
8552220;2005
8552218;2005
8552216;2005
8552214;2005
8552207;2005
8552198;2005
8552197;2005
8552195;2005
8552156;2005
8552142;2005
8552141;2005
8552136;2005
8552116;2005
8552102;2005
8552087;2005
8552073;2005
8552067;2005
8552051;2005
8552024;2005
8552022;2005
8551990;2005
8551987;2005
8551977;2005
8551969;2005
8551956;2005
8551938;2005
8551934;2005
8551924;2005
8551921;2005
8551895;2005
8551890;2005
8551883;2005
8551878;2005
8551853;2005
8551789;2005
8551760;2005
8551759;2005
8551754;2005
8551750;2005
8551713;2005
8551712;2005
8551704;2005
8551677;2005
8551676;2005
8551667;2005
8551635;2005
8551619;2005
8551612;2005
8551584;2005
8551576;2005
8551553;2005
8551532;2005
8551526;2005
8551518;2005
8551516;2005
8551510;2005
8551491;2005
8551467;2005
8551380;2005
8551352;2005
8551351;2005
8551348;2005
8551329;2005
8551313;2005
8551306;2005
8551305;2005
8551263;2005
8551253;2005
8551164;2005
8551158;2005
8551154;2005
8551150;2005
8551148;2005
8551127;2005
8551104;2005
8551093;2005
8551089;2005
8551034;2005
8551028;2005
8550988;2005
8550986;2005
8550929;2005
8550893;2005
8550863;2005
8550859;2005
8550851;2005
8550822;2005
8550820;2005
8550812;2005
8550793;2005
8550778;2005
8550746;2005
8550727;2005
8550701;2005
8550660;2005
8550644;2005
8550610;2005
8550592;2005
8550551;2005
8550541;2005
8550536;2005
8550509;2005
8550504;2005
8550480;2005
8550477;2005
8550469;2005
8550397;2005
8550389;2005
8550375;2005
8550365;2005
8550354;2005
8550343;2005
8550336;2005
8550308;2005
8550295;2005
8550271;2005
8550253;2005
8550252;2005
8550251;2005
8550250;2005
8550229;2005
8550215;2005
8550195;2005
8550182;2005
8550180;2005
8550170;2005
8550169;2005
8550165;2005
8550155;2005
8550148;2005
8550124;2005
8550100;2005
8550095;2005
8550068;2005
8549999;2005
8549994;2005
