8525173;2005
8525164;2005
8525143;2005
8525131;2005
8525125;2005
8525108;2005
8525105;2005
8525082;2005
8525072;2005
8525050;2005
8525030;2005
8525023;2005
8524999;2005
8524955;2005
8524874;2005
8524869;2005
8524856;2005
8524850;2005
8524848;2005
8524825;2005
8524809;2005
8524761;2005
8524689;2005
8524678;2005
8524677;2005
8524671;2005
8524652;2005
8524636;2005
8524602;2005
8524580;2005
8524553;2005
8524535;2005
8524534;2005
8524531;2005
8524485;2005
8524452;2005
8524446;2005
8524426;2005
8524418;2005
8524413;2005
8524345;2005
8524335;2005
8524316;2005
8524304;2005
8524297;2005
8524291;2005
8524281;2005
8524278;2005
8524244;2005
8524239;2005
8524206;2005
8524178;2005
8524161;2005
8524139;2005
8524119;2005
8524110;2005
8524099;2005
8524085;2005
8524031;2005
8524014;2005
8524005;2005
8523993;2005
8523973;2005
8523969;2005
8523960;2005
8523954;2005
8523912;2005
8523861;2005
8523836;2005
8523789;2005
8523769;2005
8523743;2005
8523739;2005
8523735;2005
8523711;2005
8523690;2005
8523686;2005
8523662;2005
8523655;2005
8523622;2005
8523585;2005
8523545;2005
8523543;2005
8523442;2005
8523440;2005
8523432;2005
8523423;2005
8523406;2005
8523397;2005
8523370;2005
8523364;2005
8523351;2005
8523327;2005
8523316;2005
8523315;2005
8523313;2005
8523263;2005
8523253;2005
8523252;2005
8523217;2005
8523186;2005
8523177;2005
8523171;2005
8523159;2005
8523155;2005
8523154;2005
8523148;2005
8523121;2005
8523063;2005
8523003;2005
8522968;2005
8522964;2005
8522955;2005
8522947;2005
8522944;2005
8522932;2005
8522924;2005
8522904;2005
8522895;2005
8522894;2005
8522891;2005
8522868;2005
8522866;2005
8522857;2005
8522846;2005
8522836;2005
8522829;2005
8522808;2005
8522806;2005
8522766;2005
8522765;2005
8522750;2005
8522749;2005
8522728;2005
8522712;2005
8522711;2005
8522697;2005
8522686;2005
8522682;2005
8522678;2005
8522676;2005
8522672;2005
8522671;2005
8522665;2005
8522660;2005
8522655;2005
8522641;2005
8522633;2005
8522632;2005
8522629;2005
8522619;2005
8522611;2005
8522606;2005
8522591;2005
8522552;2005
8522541;2005
8522521;2005
8522494;2005
8522476;2005
8522472;2005
8522460;2005
8522439;2005
8522434;2005
8522420;2005
8522418;2005
8522409;2005
8522406;2005
8522340;2005
8522328;2005
8522293;2005
8522237;2005
8522228;2005
8522159;2005
8522154;2005
8522129;2005
8522098;2005
8522083;2005
8522071;2005
8522066;2005
8522056;2005
8522043;2005
8522042;2005
8522039;2005
8522018;2005
8522006;2005
8521992;2005
8521971;2005
8521969;2005
8521967;2005
8521937;2005
8521915;2005
8521911;2005
8521894;2005
8521883;2005
8521879;2005
8521878;2005
8521877;2005
8521853;2005
8521850;2005
8521820;2005
8521782;2005
8521776;2005
8521766;2005
8521765;2005
8521762;2005
8521753;2005
8521716;2005
8521696;2005
8521678;2005
8521664;2005
8521656;2005
8521623;2005
8521588;2005
8521566;2005
8521562;2005
8521560;2005
8521542;2005
8521535;2005
8521524;2005
8521507;2005
8521455;2005
8521454;2005
8521428;2005
8521401;2005
8521398;2005
8521384;2005
8521345;2005
8521343;2005
8521326;2005
8521306;2005
8521293;2005
8521265;2005
8521250;2005
8521235;2005
8521216;2005
8521212;2005
8521207;2005
8521192;2005
8521177;2005
8521152;2005
8521146;2005
8521127;2005
8521087;2005
8520937;2005
8520933;2005
8520931;2005
8520928;2005
8520923;2005
8520921;2005
8520896;2005
8520887;2005
8520832;2005
8520799;2005
8520781;2005
8520751;2005
8520742;2005
8520717;2005
8520689;2005
8520686;2005
8520685;2005
8520670;2005
8520665;2005
8520651;2005
8520619;2005
8520616;2005
8520608;2005
8520597;2005
8520503;2005
8520492;2005
8520470;2005
8520452;2005
8520409;2005
8520382;2005
8520378;2005
8520368;2005
8520360;2005
8520353;2005
8520328;2005
8520242;2005
8520207;2005
8520192;2005
8520187;2005
8520154;2005
8520099;2005
8520088;2005
8520087;2005
8520077;2005
8520072;2005
8520069;2005
8520019;2005
8519951;2005
8519942;2005
8519936;2005
8519884;2005
8519882;2005
8519866;2005
8519861;2005
8519859;2005
8519857;2005
8519816;2005
