8530751;2005
8530710;2005
8530696;2005
8530693;2005
8530689;2005
8530658;2005
8530625;2005
8530620;2005
8530614;2005
8530605;2005
8530573;2005
8530540;2005
8530529;2005
8530524;2005
8530512;2005
8530503;2005
8530482;2005
8530479;2005
8530468;2005
8530463;2005
8530406;2005
8530394;2005
8530356;2005
8530348;2005
8530344;2005
8530287;2005
8530272;2005
8530268;2005
8530255;2005
8530226;2005
8530213;2005
8530200;2005
8530192;2005
8530173;2005
8530166;2005
8530162;2005
8530124;2005
8530098;2005
8530078;2005
8530064;2005
8530031;2005
8530028;2005
8530018;2005
8530007;2005
8529983;2005
8529971;2005
8529964;2005
8529952;2005
8529943;2005
8529940;2005
8529908;2005
8529905;2005
8529903;2005
8529897;2005
8529869;2005
8529839;2005
8529833;2005
8529821;2005
8529801;2005
8529785;2005
8529754;2005
8529749;2005
8529725;2005
8529723;2005
8529719;2005
8529710;2005
8529699;2005
8529692;2005
8529686;2005
8529663;2005
8529651;2005
8529649;2005
8529595;2005
8529583;2005
8529582;2005
8529559;2005
8529556;2005
8529531;2005
8529520;2005
8529488;2005
8529433;2005
8529348;2005
8529305;2005
8529296;2005
8529287;2005
8529191;2005
8529181;2005
8529180;2005
8529146;2005
8529135;2005
8529134;2005
8529128;2005
8529098;2005
8529097;2005
8529090;2005
8529071;2005
8529066;2005
8529061;2005
8529023;2005
8528982;2005
8528969;2005
8528931;2005
8528914;2005
8528913;2005
8528895;2005
8528885;2005
8528861;2005
8528836;2005
8528815;2005
8528814;2005
8528799;2005
8528796;2005
8528791;2005
8528773;2005
8528752;2005
8528748;2005
8528745;2005
8528712;2005
8528697;2005
8528683;2005
8528676;2005
8528675;2005
8528668;2005
8528641;2005
8528612;2005
8528595;2005
8528583;2005
8528570;2005
8528563;2005
8528547;2005
8528545;2005
8528521;2005
8528520;2005
8528514;2005
8528497;2005
8528494;2005
8528492;2005
8528398;2005
8528312;2005
8528255;2005
8528238;2005
8528231;2005
8528203;2005
8528181;2005
8528177;2005
8528169;2005
8528156;2005
8528110;2005
8528091;2005
8528079;2005
8528034;2005
8528021;2005
8528019;2005
8528018;2005
8528012;2005
8528008;2005
8528004;2005
8527963;2005
8527939;2005
8527932;2005
8527916;2005
8527903;2005
8527900;2005
8527873;2005
8527871;2005
8527858;2005
8527808;2005
8527678;2005
8527677;2005
8527675;2005
8527668;2005
8527657;2005
8527654;2005
8527644;2005
8527643;2005
8527636;2005
8527634;2005
8527632;2005
8527631;2005
8527630;2005
8527629;2005
8527628;2005
8527627;2005
8527626;2005
8527617;2005
8527608;2005
8527593;2005
8527537;2005
8527465;2005
8527459;2005
8527406;2005
8527394;2005
8527354;2005
8527353;2005
8527352;2005
8527351;2005
8527350;2005
8527330;2005
8527320;2005
8527275;2005
8527207;2005
8527175;2005
8527169;2005
8527125;2005
8527121;2005
8527114;2005
8527087;2005
8527060;2005
8527043;2005
8527036;2005
8527018;2005
8527014;2005
8527004;2005
8527001;2005
8526994;2005
8526972;2005
8526961;2005
8526951;2005
8526927;2005
8526915;2005
8526896;2005
8526880;2005
8526875;2005
8526874;2005
8526864;2005
8526846;2005
8526798;2005
8526796;2005
8526790;2005
8526789;2005
8526752;2005
8526714;2005
8526712;2005
8526659;2005
8526641;2005
8526606;2005
8526584;2005
8526582;2005
8526546;2005
8526530;2005
8526506;2005
8526454;2005
8526403;2005
8526401;2005
8526298;2005
8526297;2005
8526296;2005
8526294;2005
8526293;2005
8526291;2005
8526290;2005
8526249;2005
8526212;2005
8526097;2005
8526038;2005
8526029;2005
8526021;2005
8526013;2005
8525924;2005
8525922;2005
8525910;2005
8525891;2005
8525880;2005
8525823;2005
8525793;2005
8525780;2005
8525752;2005
8525742;2005
8525706;2005
8525630;2005
8525612;2005
8525597;2005
8525594;2005
8525556;2005
8525538;2005
8525526;2005
8525517;2005
8525516;2005
8525496;2005
8525493;2005
8525463;2005
8525454;2005
8525445;2005
8525438;2005
8525435;2005
8525430;2005
8525420;2005
8525417;2005
8525366;2005
8525330;2005
8525312;2005
8525279;2005
8525278;2005
8525265;2005
8525251;2005
8525244;2005
8525221;2005
8525215;2005
8525210;2005
8525206;2005
