8549993;2005
8549981;2005
8549956;2005
8549953;2005
8549942;2005
8549920;2005
8549890;2005
8549873;2005
8549836;2005
8549824;2005
8549810;2005
8549751;2005
8549719;2005
8549716;2005
8549674;2005
8549658;2005
8549586;2005
8549584;2005
8549558;2005
8549551;2005
8549548;2005
8549518;2005
8549510;2005
8549508;2005
8549468;2005
8549452;2005
8549450;2005
8549385;2005
8549383;2005
8549377;2005
8549374;2005
8549340;2005
8549329;2005
8549323;2005
8549312;2005
8549290;2005
8549279;2005
8549277;2005
8549269;2005
8549268;2005
8549267;2005
8549265;2005
8549259;2005
8549255;2005
8549253;2005
8549252;2005
8549248;2005
8549243;2005
8549172;2005
8549156;2005
8549152;2005
8549126;2005
8549103;2005
8549078;2005
8549077;2005
8549069;2005
8549064;2005
8549050;2005
8549045;2005
8549023;2005
8549001;2005
8548975;2005
8548968;2005
8548963;2005
8548886;2005
8548818;2005
8548777;2005
8548774;2005
8548769;2005
8548767;2005
8548763;2005
8548750;2005
8548747;2005
8548739;2005
8548706;2005
8548705;2005
8548690;2005
8548658;2005
8548650;2005
8548612;2005
8548589;2005
8548588;2005
8548566;2005
8548540;2005
8548534;2005
8548438;2005
8548424;2005
8548420;2005
8548394;2005
8548350;2005
8548321;2005
8548304;2005
8548298;2005
8548268;2005
8548239;2005
8548231;2005
8548202;2005
8548198;2005
8548194;2005
8548173;2005
8548145;2005
8548130;2005
8548129;2005
8547998;2005
8547962;2005
8547939;2005
8547930;2005
8547923;2005
8547905;2005
8547884;2005
8547882;2005
8547861;2005
8547847;2005
8547845;2005
8547834;2005
8547833;2005
8547832;2005
8547829;2005
8547817;2005
8547805;2005
8547742;2005
8547732;2005
8547725;2005
8547718;2005
8547713;2005
8547705;2005
8547687;2005
8547674;2005
8547626;2005
8547598;2005
8547589;2005
8547547;2005
8547546;2005
8547535;2005
8547532;2005
8547504;2005
8547503;2005
8547496;2005
8547429;2005
8547411;2005
8547410;2005
8547388;2005
8547339;2005
8547326;2005
8547314;2005
8547269;2005
8547257;2005
8547252;2005
8547243;2005
8547232;2005
8547230;2005
8547184;2005
8547175;2005
8547173;2005
8547172;2005
8547170;2005
8547167;2005
8547166;2005
8547163;2005
8547119;2005
8547115;2005
8547097;2005
8547081;2005
8547076;2005
8547068;2005
8547067;2005
8547055;2005
8547038;2005
8547007;2005
8546995;2005
8546989;2005
8546921;2005
8546911;2005
8546875;2005
8546869;2005
8546865;2005
8546862;2005
8546860;2005
8546858;2005
8546841;2005
8546829;2005
8546814;2005
8546788;2005
8546708;2005
8546691;2005
8546685;2005
8546648;2005
8546643;2005
8546621;2005
8546608;2005
8546586;2005
8546556;2005
8546546;2005
8546527;2005
8546515;2005
8546509;2005
8546504;2005
8546493;2005
8546489;2005
8546483;2005
8546482;2005
8546478;2005
8546462;2005
8546419;2005
8546356;2005
8546355;2005
8546353;2005
8546342;2005
8546340;2005
8546327;2005
8546312;2005
8546274;2005
8546258;2005
8546256;2005
8546255;2005
8546248;2005
8546247;2005
8546245;2005
8546243;2005
8546236;2005
8546235;2005
8546233;2005
8546228;2005
8546226;2005
8546224;2005
8546196;2005
8546195;2005
8546194;2005
8546193;2005
8546189;2005
8546186;2005
8546184;2005
8546182;2005
8546163;2005
8546161;2005
8546157;2005
8546154;2005
8546151;2005
8546140;2005
8546135;2005
8546131;2005
8546122;2005
8546121;2005
8546120;2005
8546118;2005
8546115;2005
8546108;2005
8546106;2005
8546105;2005
8546104;2005
8546100;2005
8546098;2005
8546090;2005
8546085;2005
8546082;2005
8546079;2005
8546077;2005
8546076;2005
8546075;2005
8546068;2005
8546066;2005
8546065;2005
8546064;2005
8546063;2005
8546059;2005
8546058;2005
8546056;2005
8546053;2005
8546052;2005
8546049;2005
8546041;2005
8546035;2005
8546023;2005
8546017;2005
8546009;2005
8546007;2005
8546003;2005
8546001;2005
8545995;2005
8545984;2005
8545982;2005
8545965;2005
8545964;2005
8545961;2005
8545957;2005
8545950;2005
8545942;2005
8545940;2005
8545935;2005
8545933;2005
8545910;2005
8545909;2005
8545904;2005
8545889;2005
8545880;2005
8545872;2005
8545854;2005
8545849;2005
8545848;2005
8545828;2005
