52514801;2005
8569863;2005
8569667;2005
8569635;2005
8569578;2005
8569568;2005
8569563;2005
8569511;2005
8569497;2005
8569493;2005
8569305;2005
8569289;2005
8569249;2005
8569215;2005
8569213;2005
8569207;2005
8569135;2005
8569062;2005
8569001;2005
8568991;2005
8568965;2005
8568953;2005
8568952;2005
8568879;2005
8568859;2005
8568858;2005
8568840;2005
8568798;2005
8568760;2005
8568742;2005
8568722;2005
8568673;2005
8568647;2005
8568636;2005
8568613;2005
8568611;2005
8568586;2005
8568525;2005
8568493;2005
8568492;2005
8568445;2005
8568417;2005
8568394;2005
8568392;2005
8568366;2005
8568345;2005
8568268;2005
8568255;2005
8568238;2005
8568236;2005
8568234;2005
8568136;2005
8568114;2005
8568104;2005
8568083;2005
8568055;2005
8568045;2005
8568019;2005
8568012;2005
8567954;2005
8567941;2005
8567935;2005
8567932;2005
8567925;2005
8567916;2005
8567889;2005
8567883;2005
8567832;2005
8567817;2005
8567815;2005
8567804;2005
8567775;2005
8567754;2005
8567745;2005
8567741;2005
8567685;2005
8567622;2005
8567590;2005
8567575;2005
8567552;2005
8567546;2005
8567458;2005
8567423;2005
8567422;2005
8567388;2005
8567362;2005
8567279;2005
8567256;2005
8567224;2005
8567186;2005
8567183;2005
8567164;2005
8567136;2005
8567120;2005
8567094;2005
8567091;2005
8567079;2005
8567043;2005
8567012;2005
8566969;2005
8566921;2005
8566833;2005
8566829;2005
8566820;2005
8566758;2005
8566751;2005
8566742;2005
8566677;2005
8566646;2005
8566641;2005
8566616;2005
8566564;2005
8566539;2005
8566470;2005
8566456;2005
8566452;2005
8566440;2005
8566386;2005
8566374;2005
8566327;2005
8566311;2005
8566287;2005
8566257;2005
8566199;2005
8566162;2005
8566106;2005
8566105;2005
8566102;2005
8566088;2005
8566082;2005
8566076;2005
8566071;2005
8566057;2005
8566028;2005
8565961;2005
8565924;2005
8565906;2005
8565896;2005
8565887;2005
8565808;2005
8565797;2005
8565793;2005
8565753;2005
8565751;2005
8565746;2005
8565709;2005
8565673;2005
8565603;2005
8565593;2005
8565578;2005
8565530;2005
8565512;2005
8565402;2005
8565323;2005
8565288;2005
8565234;2005
8565107;2005
8565047;2005
8564986;2005
8564981;2005
8564980;2005
8564966;2005
8564952;2005
8564889;2005
8564883;2005
8564878;2005
8564876;2005
8564862;2005
8564839;2005
8564833;2005
8564771;2005
8564761;2005
8564722;2005
8564680;2005
8564656;2005
8564647;2005
8564591;2005
8564563;2005
8564550;2005
8564540;2005
8564494;2005
8564446;2005
8564424;2005
8564419;2005
8564380;2005
8564378;2005
8564363;2005
8564354;2005
8564326;2005
8564317;2005
8564287;2005
8564261;2005
8564253;2005
8564232;2005
8564172;2005
8564156;2005
8564138;2005
8564126;2005
8564109;2005
8564097;2005
8564077;2005
8564065;2005
8564059;2005
8564058;2005
8564040;2005
8564032;2005
8564031;2005
8564029;2005
8564009;2005
8563927;2005
8563904;2005
8563879;2005
8563799;2005
8563786;2005
8563771;2005
8563750;2005
8563680;2005
8563619;2005
8563616;2005
8563510;2005
8563508;2005
8563470;2005
8563449;2005
8563439;2005
8563427;2005
8563426;2005
8563425;2005
8563413;2005
8563408;2005
8563399;2005
8563391;2005
8563384;2005
8563339;2005
8563323;2005
8563320;2005
8563318;2005
8563313;2005
8563260;2005
8563246;2005
8563230;2005
8563212;2005
8563198;2005
8563162;2005
8563135;2005
8563132;2005
8563131;2005
8563103;2005
8563093;2005
8563075;2005
8563064;2005
8562981;2005
8562980;2005
8562978;2005
8562944;2005
8562932;2005
8562912;2005
8562886;2005
8562851;2005
8562849;2005
8562826;2005
8562824;2005
8562822;2005
8562821;2005
8562812;2005
8562803;2005
8562759;2005
8562741;2005
8562668;2005
8562662;2005
8562591;2005
8562566;2005
8562554;2005
8562462;2005
8562451;2005
8562435;2005
8562389;2005
8562323;2005
8562315;2005
8562307;2005
8562298;2005
8562297;2005
8562275;2005
8562268;2005
8562249;2005
8562244;2005
8562239;2005
8562235;2005
8562230;2005
8562204;2005
8562176;2005
8562174;2005
8562171;2005
8562167;2005
8562114;2005
8562087;2005
8562071;2005
8562030;2005
8561993;2005
8561990;2005
8561989;2005
