8545743;2005
8545734;2005
8545725;2005
8545715;2005
8545713;2005
8545710;2005
8545707;2005
8545704;2005
8545699;2005
8545693;2005
8545692;2005
8545684;2005
8545660;2005
8545653;2005
8545600;2005
8545585;2005
8545574;2005
8545550;2005
8545546;2005
8545501;2005
8545499;2005
8545491;2005
8545489;2005
8545488;2005
8545460;2005
8545446;2005
8545437;2005
8545425;2005
8545419;2005
8545402;2005
8545387;2005
8545381;2005
8545336;2005
8545327;2005
8545322;2005
8545287;2005
8545248;2005
8545228;2005
8545224;2005
8545216;2005
8545207;2005
8545205;2005
8545192;2005
8545151;2005
8545144;2005
8545112;2005
8545095;2005
8545093;2005
8545087;2005
8545085;2005
8545080;2005
8545037;2005
8545023;2005
8545018;2005
8545016;2005
8545007;2005
8545004;2005
8544997;2005
8544954;2005
8544932;2005
8544905;2005
8544892;2005
8544885;2005
8544881;2005
8544800;2005
8544799;2005
8544794;2005
8544727;2005
8544423;2005
8543863;2005
8543806;2005
8543695;2005
8543438;2005
8543437;2005
8543436;2005
8543389;2005
8543348;2005
8543330;2005
8543283;2005
8543241;2005
8543123;2005
8542963;2005
8542734;2005
8542690;2005
8542604;2005
8542462;2005
8542426;2005
8542402;2005
8542385;2005
8542289;2005
8542270;2005
8541903;2005
8541895;2005
8541889;2005
8541687;2005
8541486;2005
8541475;2005
8541325;2005
8541324;2005
8541280;2005
8541279;2005
8541255;2005
8540855;2005
8540777;2005
8540626;2005
8540578;2005
8540551;2005
8540160;2005
8540058;2005
8540012;2005
8539979;2005
8539863;2005
8539823;2005
8539822;2005
8539821;2005
8539716;2005
8539711;2005
8539703;2005
8539679;2005
8539678;2005
8539670;2005
8539634;2005
8539582;2005
8539561;2005
8539559;2005
8539550;2005
8539494;2005
8539456;2005
8539439;2005
8539430;2005
8539424;2005
8539414;2005
8539404;2005
8539381;2005
8539361;2005
8539354;2005
8539353;2005
8539314;2005
8539301;2005
8539272;2005
8539260;2005
8539249;2005
8539246;2005
8539245;2005
8539244;2005
8539243;2005
8539229;2005
8539157;2005
8539139;2005
8539111;2005
8539067;2005
8539053;2005
8539008;2005
8538993;2005
8538989;2005
8538974;2005
8538952;2005
8538941;2005
8538939;2005
8538887;2005
8538882;2005
8538878;2005
8538867;2005
8538863;2005
8538837;2005
8538836;2005
8538825;2005
8538805;2005
8538798;2005
8538760;2005
8538757;2005
8538727;2005
8538676;2005
8538601;2005
8538600;2005
8538595;2005
8538594;2005
8538503;2005
8538477;2005
8538461;2005
8538457;2005
8538444;2005
8538396;2005
8538392;2005
8538345;2005
8538335;2005
8538317;2005
8538308;2005
8538274;2005
8538261;2005
8538258;2005
8538188;2005
8538161;2005
8538136;2005
8538098;2005
8538087;2005
8538076;2005
8538056;2005
8538046;2005
8538016;2005
8538006;2005
8538004;2005
8537996;2005
8537952;2005
8537951;2005
8537933;2005
8537923;2005
8537913;2005
8537912;2005
8537899;2005
8537889;2005
8537877;2005
8537875;2005
8537860;2005
8537853;2005
8537850;2005
8537813;2005
8537810;2005
8537798;2005
8537790;2005
8537783;2005
8537778;2005
8537760;2005
8537745;2005
8537742;2005
8537715;2005
8537702;2005
8537700;2005
8537659;2005
8537651;2005
8537597;2005
8537580;2005
8537528;2005
8537508;2005
8537505;2005
8537496;2005
8537477;2005
8537474;2005
8537457;2005
8537432;2005
8537406;2005
8537377;2005
8537365;2005
8537363;2005
8537345;2005
8537331;2005
8537330;2005
8537307;2005
8537306;2005
8537266;2005
8537253;2005
8537240;2005
8537210;2005
8537153;2005
8537137;2005
8537097;2005
8537091;2005
8537069;2005
8537044;2005
8537027;2005
8537011;2005
8537001;2005
8536998;2005
8536964;2005
8536957;2005
8536956;2005
8536924;2005
8536793;2005
8536696;2005
8536694;2005
8536579;2005
8536559;2005
8536537;2005
8536535;2005
8536534;2005
8536500;2005
8536494;2005
8536492;2005
8536491;2005
8536490;2005
8536486;2005
8536444;2005
8536433;2005
8536426;2005
8536411;2005
8536374;2005
8536350;2005
8536349;2005
8536348;2005
8536347;2005
8536346;2005
8536345;2005
8536303;2005
8536280;2005
8536254;2005
8536245;2005
8536237;2005
8536213;2005
8536212;2005
8536206;2005
