8519789;2005
8519778;2005
8519768;2005
8519767;2005
8519742;2005
8519722;2005
8519712;2005
8519711;2005
8519710;2005
8519707;2005
8519704;2005
8519693;2005
8519692;2005
8519690;2005
8519689;2005
8519671;2005
8519668;2005
8519665;2005
8519664;2005
8519655;2005
8519650;2005
8519646;2005
8519644;2005
8519643;2005
8519640;2005
8519638;2005
8519608;2005
8519530;2005
8519470;2005
8519430;2005
8519429;2005
8519400;2005
8519383;2005
8519348;2005
8519321;2005
8519320;2005
8519294;2005
8519274;2005
8519267;2005
8519257;2005
8519241;2005
8519216;2005
8519209;2005
8519183;2005
8519170;2005
8519119;2005
8519115;2005
8519112;2005
8519093;2005
8519083;2005
8519069;2005
8519064;2005
8519026;2005
8519016;2005
8518989;2005
8518939;2005
8518907;2005
8518847;2005
8518842;2005
8518839;2005
8518800;2005
8518793;2005
8518779;2005
8518760;2005
8518756;2005
8518750;2005
8518746;2005
8518743;2005
8518730;2005
8518718;2005
8518703;2005
8518690;2005
8518686;2005
8518683;2005
8518655;2005
8518650;2005
8518648;2005
8518627;2005
8518624;2005
8518599;2005
8518595;2005
8518591;2005
8518462;2005
8518426;2005
8518414;2005
8518411;2005
8518385;2005
8518374;2005
8518369;2005
8518358;2005
8518350;2005
8518349;2005
8518311;2005
8518289;2005
8518282;2005
8518280;2005
8518279;2005
8518276;2005
8518260;2005
8518256;2005
8518233;2005
8518228;2005
8518216;2005
8518182;2005
8518180;2005
8518175;2005
8518169;2005
8518158;2005
8518136;2005
8518135;2005
8518125;2005
8518119;2005
8518117;2005
8518094;2005
8518090;2005
8518086;2005
8518072;2005
8518056;2005
8518054;2005
8518044;2005
8518043;2005
8518035;2005
8517900;2005
8517853;2005
8517849;2005
8517817;2005
8517816;2005
8517812;2005
8517808;2005
8517803;2005
8517802;2005
8517800;2005
8517795;2005
8517766;2005
8517764;2005
8517737;2005
8517735;2005
8517731;2005
8517699;2005
8517654;2005
8517640;2005
8517633;2005
8517607;2005
8517595;2005
8517580;2005
8517530;2005
8517519;2005
8517503;2005
8517493;2005
8517492;2005
8517483;2005
8517475;2005
8517472;2005
8517452;2005
8517435;2005
8517388;2005
8517386;2005
8517372;2005
8517371;2005
8517366;2005
8517365;2005
8517299;2005
8517277;2005
8517271;2005
8517265;2005
8517260;2005
8517257;2005
8517255;2005
8517249;2005
8517236;2005
8517228;2005
8517226;2005
8517221;2005
8517214;2005
8517203;2005
8517196;2005
8517177;2005
8517170;2005
8517121;2005
8517113;2005
8517107;2005
8517100;2005
8517099;2005
8517094;2005
8517092;2005
8517090;2005
8517056;2005
8517055;2005
8517054;2005
8517053;2005
8517052;2005
8517051;2005
8517050;2005
8517044;2005
8517043;2005
8517041;2005
8517040;2005
8517039;2005
8517038;2005
8517037;2005
8517036;2005
8517032;2005
8517030;2005
8517017;2005
8517016;2005
8516939;2005
8516938;2005
8516937;2005
8516936;2005
8516935;2005
8516934;2005
8516930;2005
8516929;2005
8516928;2005
8516869;2005
8516867;2005
8516858;2005
8516857;2005
8516854;2005
8516847;2005
8516846;2005
8516845;2005
8516843;2005
8516841;2005
8516828;2005
8516816;2005
8516815;2005
8516813;2005
8516807;2005
8516804;2005
8516802;2005
8516799;2005
8516796;2005
8516793;2005
8516792;2005
8516789;2005
8516788;2005
8516787;2005
8516784;2005
8516783;2005
8516782;2005
8516780;2005
8516774;2005
8516773;2005
8516771;2005
8516770;2005
8516769;2005
8516767;2005
8516766;2005
8516765;2005
8516764;2005
8516761;2005
8516760;2005
8516757;2005
8516756;2005
8516753;2005
8516752;2005
8516750;2005
8516749;2005
8516746;2005
8516740;2005
8516737;2005
8516732;2005
8516729;2005
8516725;2005
8516718;2005
8516714;2005
8516710;2005
8516709;2005
8516692;2005
8516691;2005
8516689;2005
8516687;2005
8516684;2005
8516683;2005
8516681;2005
8516678;2005
8516677;2005
8516663;2005
8516660;2005
8516647;2005
8516641;2005
8516639;2005
8516633;2005
8516628;2005
8516622;2005
8516618;2005
8516613;2005
8516612;2005
8516611;2005
8516589;2005
8516571;2005
8516569;2005
8516568;2005
8516567;2005
8516551;2005
8516546;2005
8516478;2005
8516471;2005
8516467;2005
